place(11.515, 1.000, 12.475, "Cowboy", 500)
upgrade(11.515, 2.350, 12.475, 150)
place(8.928, 1.000, 12.462, "Cowboy", 500)
upgrade(8.928, 2.350, 12.462, 150)
place(11.599, 1.000, 9.897, "Cowboy", 500)
upgrade(11.599, 2.350, 9.897, 150)
place(9.009, 1.000, 9.936, "Cowboy", 500)
upgrade(9.009, 2.350, 9.936, 150)
upgrade(9.009, 2.350, 9.936, 550)
upgrade(11.599, 2.350, 9.897, 550)
upgrade(8.928, 2.350, 12.462, 550)
upgrade(11.515, 2.350, 12.475, 550)
upgrade(9.009, 2.350, 9.936, 1500)
upgrade(9.009, 2.350, 9.936, 3000)
upgrade(8.928, 2.350, 12.462, 1500)
upgrade(8.928, 2.350, 12.462, 3000)
upgrade(11.599, 2.350, 9.897, 1500)
upgrade(11.599, 2.350, 9.897, 3000)
upgrade(11.515, 2.350, 12.475, 1500)
upgrade(11.515, 2.350, 12.475, 3000)
place(2.832, 1.000, 2.698, "Crook Boss", 600)
upgrade(2.832, 2.350, 2.698, 300)
upgrade(2.832, 2.350, 2.698, 900)
upgrade(2.832, 2.350, 2.698, 4250)
upgrade(2.832, 2.350, 2.698, 20000)
